      0.0000000      1.0000000      0.0000000      0.0000000 
      1.0000000      0.9997264      0.0002727      0.0000009 
      2.0000000      0.9989067      0.0010897      0.0000036 
      3.0000000      0.9975435      0.0024484      0.0000080 
      4.0000000      0.9956404      0.0043452      0.0000144 
      5.0000000      0.9932020      0.0067754      0.0000226 
      6.0000000      0.9902341      0.0097330      0.0000329 
      7.0000000      0.9867435      0.0132112      0.0000452 
      8.0000000      0.9827381      0.0172021      0.0000598 
      9.0000000      0.9782267      0.0216966      0.0000768 
     10.0000000      0.9732190      0.0266848      0.0000962 
     11.0000000      0.9677260      0.0321557      0.0001183 
     12.0000000      0.9617593      0.0380974      0.0001433 
     13.0000000      0.9553316      0.0444971      0.0001713 
     14.0000000      0.9484563      0.0513412      0.0002026 
     15.0000000      0.9411478      0.0586150      0.0002372 
     16.0000000      0.9334212      0.0663032      0.0002756 
     17.0000000      0.9252925      0.0743897      0.0003178 
     18.0000000      0.9167782      0.0828577      0.0003641 
     19.0000000      0.9078957      0.0916895      0.0004148 
     20.0000000      0.8986629      0.1008671      0.0004700 
     21.0000000      0.8890983      0.1103716      0.0005300 
     22.0000000      0.8792212      0.1201837      0.0005951 
     23.0000000      0.8690511      0.1302835      0.0006654 
     24.0000000      0.8586081      0.1406507      0.0007412 
     25.0000000      0.8479128      0.1512646      0.0008227 
     26.0000000      0.8369860      0.1621039      0.0009101 
     27.0000000      0.8258491      0.1731474      0.0010035 
     28.0000000      0.8145235      0.1843732      0.0011033 
     29.0000000      0.8030310      0.1957595      0.0012095 
     30.0000000      0.7913935      0.2072841      0.0013224 
     31.0000000      0.7796332      0.2189248      0.0014420 
     32.0000000      0.7677723      0.2306593      0.0015685 
     33.0000000      0.7558329      0.2424651      0.0017020 
     34.0000000      0.7438373      0.2543200      0.0018426 
     35.0000000      0.7318078      0.2662017      0.0019904 
     36.0000000      0.7197665      0.2780880      0.0021455 
     37.0000000      0.7077352      0.2899569      0.0023078 
     38.0000000      0.6957359      0.3017866      0.0024775 
     39.0000000      0.6837902      0.3135555      0.0026544 
     40.0000000      0.6719193      0.3252422      0.0028386 
     41.0000000      0.6601442      0.3368258      0.0030299 
     42.0000000      0.6484858      0.3482858      0.0032285 
     43.0000000      0.6369642      0.3596018      0.0034340 
     44.0000000      0.6255993      0.3707542      0.0036465 
     45.0000000      0.6144106      0.3817237      0.0038657 
     46.0000000      0.6034170      0.3924914      0.0040916 
     47.0000000      0.5926370      0.4030392      0.0043238 
     48.0000000      0.5820883      0.4133494      0.0045623 
     49.0000000      0.5717883      0.4234049      0.0048067 
     50.0000000      0.5617536      0.4331895      0.0050569 
     51.0000000      0.5520003      0.4426872      0.0053126 
     52.0000000      0.5425436      0.4518830      0.0055733 
     53.0000000      0.5333983      0.4607627      0.0058390 
     54.0000000      0.5245784      0.4693125      0.0061092 
     55.0000000      0.5160969      0.4775196      0.0063835 
     56.0000000      0.5079665      0.4853718      0.0066617 
     57.0000000      0.5001987      0.4928580      0.0069433 
     58.0000000      0.4928046      0.4999674      0.0072280 
     59.0000000      0.4857942      0.5066904      0.0075154 
     60.0000000      0.4791769      0.5130181      0.0078050 
     61.0000000      0.4729611      0.5189425      0.0080964 
     62.0000000      0.4671545      0.5244561      0.0083893 
     63.0000000      0.4617641      0.5295527      0.0086832 
     64.0000000      0.4567957      0.5342267      0.0089776 
     65.0000000      0.4522546      0.5384733      0.0092722 
     66.0000000      0.4481451      0.5422886      0.0095664 
     67.0000000      0.4444706      0.5456695      0.0098598 
     68.0000000      0.4412340      0.5486139      0.0101521 
     69.0000000      0.4384369      0.5511204      0.0104427 
     70.0000000      0.4360804      0.5531883      0.0107313 
     71.0000000      0.4341648      0.5548178      0.0110174 
     72.0000000      0.4326893      0.5560102      0.0113005 
     73.0000000      0.4316526      0.5567670      0.0115804 
     74.0000000      0.4310525      0.5570910      0.0118565 
     75.0000000      0.4308860      0.5569854      0.0121286 
     76.0000000      0.4311494      0.5564545      0.0123961 
     77.0000000      0.4318382      0.5555030      0.0126589 
     78.0000000      0.4329472      0.5541364      0.0129164 
     79.0000000      0.4344705      0.5523611      0.0131684 
     80.0000000      0.4364016      0.5501838      0.0134146 
     81.0000000      0.4387332      0.5476122      0.0136546 
     82.0000000      0.4414573      0.5446544      0.0138883 
     83.0000000      0.4445656      0.5413192      0.0141152 
     84.0000000      0.4480488      0.5376159      0.0143353 
     85.0000000      0.4518972      0.5335546      0.0145482 
     86.0000000      0.4561007      0.5291455      0.0147538 
     87.0000000      0.4606484      0.5243997      0.0149519 
     88.0000000      0.4655291      0.5193286      0.0151423 
     89.0000000      0.4707310      0.5139440      0.0153250 
     90.0000000      0.4762420      0.5082583      0.0154997 
     91.0000000      0.4820495      0.5022841      0.0156664 
     92.0000000      0.4881405      0.4960344      0.0158251 
     93.0000000      0.4945016      0.4895227      0.0159757 
     94.0000000      0.5011192      0.4827626      0.0161181 
     95.0000000      0.5079794      0.4757682      0.0162525 
     96.0000000      0.5150678      0.4685535      0.0163787 
     97.0000000      0.5223700      0.4611331      0.0164969 
     98.0000000      0.5298714      0.4535215      0.0166071 
     99.0000000      0.5375570      0.4457337      0.0167094 
    100.0000000      0.5454118      0.4377844      0.0168038 
    101.0000000      0.5534206      0.4296887      0.0168907 
    102.0000000      0.5615683      0.4214617      0.0169700 
    103.0000000      0.5698395      0.4131186      0.0170419 
    104.0000000      0.5782188      0.4046745      0.0171067 
    105.0000000      0.5866910      0.3961446      0.0171644 
    106.0000000      0.5952406      0.3875439      0.0172154 
    107.0000000      0.6038525      0.3788876      0.0172599 
    108.0000000      0.6125113      0.3701907      0.0172981 
    109.0000000      0.6212019      0.3614679      0.0173302 
    110.0000000      0.6299094      0.3527341      0.0173565 
    111.0000000      0.6386190      0.3440037      0.0173773 
    112.0000000      0.6473159      0.3352912      0.0173929 
    113.0000000      0.6559858      0.3266106      0.0174036 
    114.0000000      0.6646143      0.3179760      0.0174096 
    115.0000000      0.6731876      0.3094011      0.0174113 
    116.0000000      0.6816918      0.3008991      0.0174091 
    117.0000000      0.6901136      0.2924833      0.0174031 
    118.0000000      0.6984398      0.2841664      0.0173939 
    119.0000000      0.7066576      0.2759609      0.0173815 
    120.0000000      0.7147546      0.2678789      0.0173665 
    121.0000000      0.7227187      0.2599321      0.0173492 
    122.0000000      0.7305383      0.2521320      0.0173298 
    123.0000000      0.7382019      0.2444895      0.0173086 
    124.0000000      0.7456987      0.2370151      0.0172861 
    125.0000000      0.7530184      0.2297191      0.0172626 
    126.0000000      0.7601507      0.2226110      0.0172383 
    127.0000000      0.7670862      0.2157003      0.0172135 
    128.0000000      0.7738158      0.2089956      0.0171887 
    129.0000000      0.7803307      0.2025053      0.0171640 
    130.0000000      0.7866229      0.1962373      0.0171398 
    131.0000000      0.7926847      0.1901989      0.0171164 
    132.0000000      0.7985090      0.1843971      0.0170940 
    133.0000000      0.8040889      0.1788382      0.0170729 
    134.0000000      0.8094185      0.1735282      0.0170534 
    135.0000000      0.8144919      0.1684724      0.0170357 
    136.0000000      0.8193042      0.1636757      0.0170201 
    137.0000000      0.8238506      0.1591426      0.0170068 
    138.0000000      0.8281271      0.1548769      0.0169960 
    139.0000000      0.8321301      0.1508819      0.0169880 
    140.0000000      0.8358565      0.1471607      0.0169828 
    141.0000000      0.8393038      0.1437154      0.0169808 
    142.0000000      0.8424699      0.1405480      0.0169821 
    143.0000000      0.8453533      0.1376599      0.0169868 
    144.0000000      0.8479529      0.1350520      0.0169951 
    145.0000000      0.8502684      0.1327245      0.0170071 
    146.0000000      0.8522996      0.1306774      0.0170230 
    147.0000000      0.8540469      0.1289102      0.0170429 
    148.0000000      0.8555115      0.1274218      0.0170668 
    149.0000000      0.8566945      0.1262106      0.0170949 
    150.0000000      0.8575981      0.1252747      0.0171272 
    151.0000000      0.8582244      0.1246118      0.0171638 
    152.0000000      0.8585763      0.1242189      0.0172048 
    153.0000000      0.8586570      0.1240929      0.0172501 
    154.0000000      0.8584701      0.1242300      0.0172999 
    155.0000000      0.8580197      0.1246261      0.0173541 
    156.0000000      0.8573103      0.1252769      0.0174128 
    157.0000000      0.8563466      0.1261775      0.0174760 
    158.0000000      0.8551338      0.1273226      0.0175436 
    159.0000000      0.8536776      0.1287068      0.0176156 
    160.0000000      0.8519839      0.1303241      0.0176920 
    161.0000000      0.8500588      0.1321684      0.0177728 
    162.0000000      0.8479090      0.1342331      0.0178579 
    163.0000000      0.8455413      0.1365115      0.0179473 
    164.0000000      0.8429627      0.1389964      0.0180408 
    165.0000000      0.8401808      0.1416807      0.0181385 
    166.0000000      0.8372031      0.1445566      0.0182403 
    167.0000000      0.8340375      0.1476164      0.0183461 
    168.0000000      0.8306922      0.1508521      0.0184557 
    169.0000000      0.8271753      0.1542555      0.0185692 
    170.0000000      0.8234955      0.1578182      0.0186863 
    171.0000000      0.8196612      0.1615317      0.0188071 
    172.0000000      0.8156814      0.1653872      0.0189314 
    173.0000000      0.8115649      0.1693760      0.0190590 
    174.0000000      0.8073208      0.1734892      0.0191899 
    175.0000000      0.8029583      0.1777177      0.0193240 
    176.0000000      0.7984864      0.1820524      0.0194612 
    177.0000000      0.7939145      0.1864843      0.0196012 
    178.0000000      0.7892520      0.1910040      0.0197441 
    179.0000000      0.7845081      0.1956023      0.0198896 
    180.0000000      0.7796923      0.2002701      0.0200376 
    181.0000000      0.7748139      0.2049980      0.0201881 
    182.0000000      0.7698823      0.2097769      0.0203409 
    183.0000000      0.7649067      0.2145975      0.0204958 
    184.0000000      0.7598964      0.2194508      0.0206527 
    185.0000000      0.7548607      0.2243277      0.0208116 
    186.0000000      0.7498087      0.2292191      0.0209722 
    187.0000000      0.7447493      0.2341163      0.0211344 
    188.0000000      0.7396915      0.2390103      0.0212982 
    189.0000000      0.7346441      0.2438926      0.0214633 
    190.0000000      0.7296158      0.2487545      0.0216297 
    191.0000000      0.7246150      0.2535878      0.0217972 
    192.0000000      0.7196502      0.2583841      0.0219657 
    193.0000000      0.7147294      0.2631355      0.0221351 
    194.0000000      0.7098607      0.2678340      0.0223052 
    195.0000000      0.7050519      0.2724721      0.0224760 
    196.0000000      0.7003106      0.2770421      0.0226473 
    197.0000000      0.6956441      0.2815369      0.0228190 
    198.0000000      0.6910596      0.2859494      0.0229910 
    199.0000000      0.6865641      0.2902728      0.0231631 
    200.0000000      0.6821641      0.2945005      0.0233354 
    201.0000000      0.6778662      0.2986263      0.0235075 
    202.0000000      0.6736764      0.3026441      0.0236795 
    203.0000000      0.6696006      0.3065481      0.0238513 
    204.0000000      0.6656446      0.3103327      0.0240227 
    205.0000000      0.6618136      0.3139928      0.0241936 
    206.0000000      0.6581127      0.3175233      0.0243640 
    207.0000000      0.6545467      0.3209196      0.0245337 
    208.0000000      0.6511200      0.3241774      0.0247027 
    209.0000000      0.6478368      0.3272924      0.0248708 
    210.0000000      0.6447011      0.3302609      0.0250380 
    211.0000000      0.6417163      0.3330795      0.0252042 
    212.0000000      0.6388859      0.3357448      0.0253693 
    213.0000000      0.6362126      0.3382541      0.0255333 
    214.0000000      0.6336993      0.3406047      0.0256960 
    215.0000000      0.6313483      0.3427943      0.0258574 
    216.0000000      0.6291616      0.3448210      0.0260174 
    217.0000000      0.6271409      0.3466831      0.0261759 
    218.0000000      0.6252878      0.3483792      0.0263329 
    219.0000000      0.6236034      0.3499083      0.0264883 
    220.0000000      0.6220884      0.3512694      0.0266421 
    221.0000000      0.6207435      0.3524623      0.0267942 
    222.0000000      0.6195689      0.3534866      0.0269445 
    223.0000000      0.6185646      0.3543425      0.0270929 
    224.0000000      0.6177301      0.3550304      0.0272395 
    225.0000000      0.6170649      0.3555509      0.0273842 
    226.0000000      0.6165682      0.3559049      0.0275269 
    227.0000000      0.6162386      0.3560937      0.0276677 
    228.0000000      0.6160749      0.3561188      0.0278064 
    229.0000000      0.6160753      0.3559818      0.0279430 
    230.0000000      0.6162378      0.3556848      0.0280775 
    231.0000000      0.6165602      0.3552299      0.0282098 
    232.0000000      0.6170402      0.3546197      0.0283400 
    233.0000000      0.6176750      0.3538569      0.0284681 
    234.0000000      0.6184618      0.3529443      0.0285939 
    235.0000000      0.6193974      0.3518852      0.0287175 
    236.0000000      0.6204784      0.3506828      0.0288388 
    237.0000000      0.6217014      0.3493406      0.0289579 
    238.0000000      0.6230627      0.3478625      0.0290748 
    239.0000000      0.6245583      0.3462524      0.0291894 
    240.0000000      0.6261841      0.3445142      0.0293017 
    241.0000000      0.6279359      0.3426523      0.0294118 
    242.0000000      0.6298093      0.3406711      0.0295196 
    243.0000000      0.6317997      0.3385751      0.0296252 
    244.0000000      0.6339025      0.3363690      0.0297285 
    245.0000000      0.6361129      0.3340575      0.0298296 
    246.0000000      0.6384258      0.3316457      0.0299286 
    247.0000000      0.6408362      0.3291384      0.0300253 
    248.0000000      0.6433391      0.3265410      0.0301199 
    249.0000000      0.6459292      0.3238584      0.0302124 
    250.0000000      0.6486011      0.3210961      0.0303028 
    251.0000000      0.6513496      0.3182593      0.0303911 
    252.0000000      0.6541691      0.3153535      0.0304774 
    253.0000000      0.6570542      0.3123841      0.0305617 
    254.0000000      0.6599993      0.3093565      0.0306441 
    255.0000000      0.6629990      0.3062763      0.0307247 
    256.0000000      0.6660476      0.3031491      0.0308033 
    257.0000000      0.6691396      0.2999802      0.0308802 
    258.0000000      0.6722694      0.2967753      0.0309554 
    259.0000000      0.6754314      0.2935398      0.0310288 
    260.0000000      0.6786201      0.2902792      0.0311007 
    261.0000000      0.6818299      0.2869991      0.0311710 
    262.0000000      0.6850554      0.2837048      0.0312399 
    263.0000000      0.6882911      0.2804016      0.0313073 
    264.0000000      0.6915317      0.2770950      0.0313734 
    265.0000000      0.6947718      0.2737901      0.0314382 
    266.0000000      0.6980061      0.2704922      0.0315018 
    267.0000000      0.7012295      0.2672062      0.0315642 
    268.0000000      0.7044370      0.2639374      0.0316256 
    269.0000000      0.7076234      0.2606905      0.0316861 
    270.0000000      0.7107839      0.2574704      0.0317457 
    271.0000000      0.7139138      0.2542818      0.0318044 
    272.0000000      0.7170082      0.2511293      0.0318625 
    273.0000000      0.7200628      0.2480174      0.0319198 
    274.0000000      0.7230730      0.2449503      0.0319767 
    275.0000000      0.7260346      0.2419324      0.0320330 
    276.0000000      0.7289433      0.2389677      0.0320890 
    277.0000000      0.7317952      0.2360601      0.0321447 
    278.0000000      0.7345864      0.2332134      0.0322001 
    279.0000000      0.7373132      0.2304313      0.0322555 
    280.0000000      0.7399720      0.2277173      0.0323107 
    281.0000000      0.7425594      0.2250746      0.0323661 
    282.0000000      0.7450721      0.2225064      0.0324215 
    283.0000000      0.7475071      0.2200157      0.0324771 
    284.0000000      0.7498615      0.2176054      0.0325331 
    285.0000000      0.7521325      0.2152781      0.0325894 
    286.0000000      0.7543176      0.2130362      0.0326462 
    287.0000000      0.7564144      0.2108821      0.0327035 
    288.0000000      0.7584207      0.2088179      0.0327614 
    289.0000000      0.7603344      0.2068456      0.0328200 
    290.0000000      0.7621538      0.2049669      0.0328794 
    291.0000000      0.7638771      0.2031834      0.0329396 
    292.0000000      0.7655028      0.2014966      0.0330007 
    293.0000000      0.7670297      0.1999076      0.0330627 
    294.0000000      0.7684566      0.1984176      0.0331259 
    295.0000000      0.7697825      0.1970274      0.0331901 
    296.0000000      0.7710068      0.1957377      0.0332555 
    297.0000000      0.7721288      0.1945491      0.0333221 
    298.0000000      0.7731482      0.1934618      0.0333900 
    299.0000000      0.7740646      0.1924762      0.0334592 
    300.0000000      0.7748780      0.1915922      0.0335298 
    301.0000000      0.7755886      0.1908095      0.0336018 
    302.0000000      0.7761966      0.1901280      0.0336754 
    303.0000000      0.7767025      0.1895471      0.0337504 
    304.0000000      0.7771068      0.1890662      0.0338269 
    305.0000000      0.7774104      0.1886845      0.0339051 
    306.0000000      0.7776142      0.1884010      0.0339849 
    307.0000000      0.7777192      0.1882145      0.0340663 
    308.0000000      0.7777267      0.1881240      0.0341494 
    309.0000000      0.7776380      0.1881279      0.0342341 
    310.0000000      0.7774547      0.1882247      0.0343206 
    311.0000000      0.7771784      0.1884128      0.0344088 
    312.0000000      0.7768109      0.1886904      0.0344987 
    313.0000000      0.7763541      0.1890555      0.0345904 
    314.0000000      0.7758100      0.1895062      0.0346838 
    315.0000000      0.7751809      0.1900402      0.0347789 
    316.0000000      0.7744689      0.1906554      0.0348758 
    317.0000000      0.7736764      0.1913492      0.0349744 
    318.0000000      0.7728059      0.1921194      0.0350747 
    319.0000000      0.7718599      0.1929633      0.0351768 
    320.0000000      0.7708412      0.1938783      0.0352805 
    321.0000000      0.7697524      0.1948617      0.0353859 
    322.0000000      0.7685964      0.1959106      0.0354930 
    323.0000000      0.7673761      0.1970223      0.0356017 
    324.0000000      0.7660944      0.1981937      0.0357119 
    325.0000000      0.7647543      0.1994219      0.0358238 
    326.0000000      0.7633590      0.2007037      0.0359372 
    327.0000000      0.7619116      0.2020362      0.0360521 
    328.0000000      0.7604153      0.2034162      0.0361685 
    329.0000000      0.7588732      0.2048405      0.0362863 
    330.0000000      0.7572886      0.2063059      0.0364055 
    331.0000000      0.7556648      0.2078092      0.0365260 
    332.0000000      0.7540051      0.2093471      0.0366478 
    333.0000000      0.7523127      0.2109164      0.0367709 
    334.0000000      0.7505911      0.2125137      0.0368952 
    335.0000000      0.7488436      0.2141358      0.0370206 
    336.0000000      0.7470734      0.2157795      0.0371471 
    337.0000000      0.7452839      0.2174415      0.0372746 
    338.0000000      0.7434783      0.2191185      0.0374031 
    339.0000000      0.7416601      0.2208074      0.0375326 
    340.0000000      0.7398323      0.2225048      0.0376629 
    341.0000000      0.7379984      0.2242076      0.0377940 
    342.0000000      0.7361614      0.2259127      0.0379259 
    343.0000000      0.7343245      0.2276170      0.0380585 
    344.0000000      0.7324909      0.2293174      0.0381917 
    345.0000000      0.7306636      0.2310109      0.0383254 
    346.0000000      0.7288457      0.2326946      0.0384597 
    347.0000000      0.7270401      0.2343654      0.0385945 
    348.0000000      0.7252498      0.2360207      0.0387296 
    349.0000000      0.7234775      0.2376575      0.0388650 
    350.0000000      0.7217260      0.2392733      0.0390007 
    351.0000000      0.7199981      0.2408652      0.0391367 
    352.0000000      0.7182964      0.2424309      0.0392727 
    353.0000000      0.7166234      0.2439678      0.0394089 
    354.0000000      0.7149815      0.2454734      0.0395451 
    355.0000000      0.7133733      0.2469455      0.0396812 
    356.0000000      0.7118009      0.2483818      0.0398173 
    357.0000000      0.7102665      0.2497802      0.0399532 
    358.0000000      0.7087724      0.2511387      0.0400890 
    359.0000000      0.7073204      0.2524552      0.0402244 
    360.0000000      0.7059125      0.2537278      0.0403596 
    361.0000000      0.7045506      0.2549549      0.0404945 
    362.0000000      0.7032363      0.2561348      0.0406289 
    363.0000000      0.7019713      0.2572659      0.0407628 
    364.0000000      0.7007570      0.2583466      0.0408963 
    365.0000000      0.6995950      0.2593758      0.0410292 
    366.0000000      0.6984864      0.2603521      0.0411616 
    367.0000000      0.6974325      0.2612743      0.0412933 
    368.0000000      0.6964343      0.2621414      0.0414243 
    369.0000000      0.6954930      0.2629525      0.0415546 
    370.0000000      0.6946092      0.2637067      0.0416841 
    371.0000000      0.6937838      0.2644033      0.0418129 
    372.0000000      0.6930175      0.2650417      0.0419409 
    373.0000000      0.6923107      0.2656213      0.0420680 
    374.0000000      0.6916640      0.2661418      0.0421942 
    375.0000000      0.6910777      0.2666028      0.0423195 
    376.0000000      0.6905520      0.2670041      0.0424439 
    377.0000000      0.6900870      0.2673457      0.0425673 
    378.0000000      0.6896828      0.2676275      0.0426897 
    379.0000000      0.6893393      0.2678496      0.0428111 
    380.0000000      0.6890563      0.2680122      0.0429315 
    381.0000000      0.6888335      0.2681156      0.0430509 
    382.0000000      0.6886706      0.2681602      0.0431692 
    383.0000000      0.6885671      0.2681465      0.0432864 
    384.0000000      0.6885224      0.2680750      0.0434026 
    385.0000000      0.6885359      0.2679464      0.0435176 
    386.0000000      0.6886069      0.2677615      0.0436316 
    387.0000000      0.6887345      0.2675210      0.0437445 
    388.0000000      0.6889178      0.2672260      0.0438563 
    389.0000000      0.6891558      0.2668773      0.0439669 
    390.0000000      0.6894474      0.2664761      0.0440765 
    391.0000000      0.6897916      0.2660235      0.0441849 
    392.0000000      0.6901871      0.2655207      0.0442923 
    393.0000000      0.6906325      0.2649689      0.0443985 
    394.0000000      0.6911267      0.2643696      0.0445037 
    395.0000000      0.6916680      0.2637242      0.0446078 
    396.0000000      0.6922551      0.2630341      0.0447108 
    397.0000000      0.6928865      0.2623008      0.0448127 
    398.0000000      0.6935604      0.2615259      0.0449136 
    399.0000000      0.6942754      0.2607111      0.0450135 
    400.0000000      0.6950297      0.2598580      0.0451124 
    401.0000000      0.6958215      0.2589683      0.0452102 
    402.0000000      0.6966492      0.2580437      0.0453071 
    403.0000000      0.6975109      0.2570862      0.0454030 
    404.0000000      0.6984047      0.2560974      0.0454979 
    405.0000000      0.6993288      0.2550792      0.0455920 
    406.0000000      0.7002813      0.2540335      0.0456851 
    407.0000000      0.7012604      0.2529623      0.0457774 
    408.0000000      0.7022639      0.2518673      0.0458688 
    409.0000000      0.7032900      0.2507506      0.0459594 
    410.0000000      0.7043368      0.2496140      0.0460492 
    411.0000000      0.7054022      0.2484596      0.0461382 
    412.0000000      0.7064843      0.2472893      0.0462265 
    413.0000000      0.7075810      0.2461049      0.0463141 
    414.0000000      0.7086904      0.2449086      0.0464009 
    415.0000000      0.7098106      0.2437022      0.0464872 
    416.0000000      0.7109395      0.2424877      0.0465728 
    417.0000000      0.7120752      0.2412670      0.0466578 
    418.0000000      0.7132157      0.2400420      0.0467423 
    419.0000000      0.7143592      0.2388146      0.0468262 
    420.0000000      0.7155036      0.2375867      0.0469097 
    421.0000000      0.7166472      0.2363601      0.0469927 
    422.0000000      0.7177880      0.2351368      0.0470752 
    423.0000000      0.7189243      0.2339183      0.0471574 
    424.0000000      0.7200541      0.2327067      0.0472392 
    425.0000000      0.7211758      0.2315035      0.0473207 
    426.0000000      0.7222876      0.2303105      0.0474019 
    427.0000000      0.7233879      0.2291293      0.0474828 
    428.0000000      0.7244749      0.2279616      0.0475635 
    429.0000000      0.7255470      0.2268089      0.0476440 
    430.0000000      0.7266028      0.2256728      0.0477244 
    431.0000000      0.7276406      0.2245547      0.0478046 
    432.0000000      0.7286591      0.2234562      0.0478847 
    433.0000000      0.7296567      0.2223785      0.0479648 
    434.0000000      0.7306321      0.2213230      0.0480449 
    435.0000000      0.7315841      0.2202910      0.0481249 
    436.0000000      0.7325113      0.2192837      0.0482050 
    437.0000000      0.7334125      0.2183023      0.0482852 
    438.0000000      0.7342867      0.2173479      0.0483654 
    439.0000000      0.7351327      0.2164215      0.0484458 
    440.0000000      0.7359495      0.2155242      0.0485264 
    441.0000000      0.7367361      0.2146568      0.0486071 
    442.0000000      0.7374917      0.2138203      0.0486880 
    443.0000000      0.7382154      0.2130154      0.0487692 
    444.0000000      0.7389064      0.2122430      0.0488507 
    445.0000000      0.7395640      0.2115036      0.0489324 
    446.0000000      0.7401876      0.2107979      0.0490145 
    447.0000000      0.7407766      0.2101265      0.0490969 
    448.0000000      0.7413305      0.2094899      0.0491797 
    449.0000000      0.7418488      0.2088884      0.0492628 
    450.0000000      0.7423311      0.2083225      0.0493464 
    451.0000000      0.7427772      0.2077924      0.0494304 
    452.0000000      0.7431867      0.2072984      0.0495149 
    453.0000000      0.7435594      0.2068407      0.0495998 
    454.0000000      0.7438953      0.2064194      0.0496853 
    455.0000000      0.7441942      0.2060345      0.0497712 
    456.0000000      0.7444562      0.2056861      0.0498577 
    457.0000000      0.7446812      0.2053741      0.0499447 
    458.0000000      0.7448695      0.2050983      0.0500323 
    459.0000000      0.7450211      0.2048585      0.0501204 
    460.0000000      0.7451363      0.2046546      0.0502091 
    461.0000000      0.7452153      0.2044863      0.0502984 
    462.0000000      0.7452586      0.2043531      0.0503883 
    463.0000000      0.7452665      0.2042547      0.0504788 
    464.0000000      0.7452395      0.2041906      0.0505699 
    465.0000000      0.7451780      0.2041604      0.0506616 
    466.0000000      0.7450826      0.2041634      0.0507540 
    467.0000000      0.7449539      0.2041991      0.0508470 
    468.0000000      0.7447926      0.2042668      0.0509406 
    469.0000000      0.7445993      0.2043658      0.0510349 
    470.0000000      0.7443747      0.2044955      0.0511298 
    471.0000000      0.7441197      0.2046549      0.0512254 
    472.0000000      0.7438351      0.2048434      0.0513216 
    473.0000000      0.7435216      0.2050600      0.0514184 
    474.0000000      0.7431803      0.2053039      0.0515158 
    475.0000000      0.7428119      0.2055742      0.0516139 
    476.0000000      0.7424175      0.2058698      0.0517126 
    477.0000000      0.7419981      0.2061899      0.0518120 
    478.0000000      0.7415546      0.2065335      0.0519119 
    479.0000000      0.7410882      0.2068994      0.0520125 
    480.0000000      0.7405998      0.2072866      0.0521136 
    481.0000000      0.7400905      0.2076941      0.0522153 
    482.0000000      0.7395615      0.2081208      0.0523176 
    483.0000000      0.7390139      0.2085656      0.0524205 
    484.0000000      0.7384488      0.2090273      0.0525239 
    485.0000000      0.7378674      0.2095047      0.0526279 
    486.0000000      0.7372708      0.2099969      0.0527324 
    487.0000000      0.7366601      0.2105025      0.0528374 
    488.0000000      0.7360367      0.2110204      0.0529429 
    489.0000000      0.7354017      0.2115495      0.0530489 
    490.0000000      0.7347561      0.2120886      0.0531553 
    491.0000000      0.7341014      0.2126364      0.0532622 
    492.0000000      0.7334386      0.2131919      0.0533695 
    493.0000000      0.7327688      0.2137539      0.0534772 
    494.0000000      0.7320934      0.2143212      0.0535854 
    495.0000000      0.7314135      0.2148926      0.0536939 
    496.0000000      0.7307302      0.2154670      0.0538027 
    497.0000000      0.7300448      0.2160433      0.0539119 
    498.0000000      0.7293582      0.2166203      0.0540214 
    499.0000000      0.7286718      0.2171970      0.0541313 
    500.0000000      0.7279865      0.2177721      0.0542413 
    501.0000000      0.7273036      0.2183447      0.0543517 
    502.0000000      0.7266240      0.2189137      0.0544622 
    503.0000000      0.7259489      0.2194781      0.0545730 
    504.0000000      0.7252792      0.2200368      0.0546840 
    505.0000000      0.7246161      0.2205888      0.0547952 
    506.0000000      0.7239604      0.2211332      0.0549064 
    507.0000000      0.7233132      0.2216690      0.0550179 
    508.0000000      0.7226753      0.2221953      0.0551294 
    509.0000000      0.7220478      0.2227112      0.0552410 
    510.0000000      0.7214314      0.2232159      0.0553527 
    511.0000000      0.7208271      0.2237085      0.0554644 
    512.0000000      0.7202357      0.2241882      0.0555761 
    513.0000000      0.7196578      0.2246543      0.0556879 
    514.0000000      0.7190944      0.2251060      0.0557996 
    515.0000000      0.7185461      0.2255426      0.0559113 
    516.0000000      0.7180136      0.2259635      0.0560229 
    517.0000000      0.7174975      0.2263681      0.0561344 
    518.0000000      0.7169985      0.2267556      0.0562459 
    519.0000000      0.7165171      0.2271257      0.0563572 
    520.0000000      0.7160539      0.2274777      0.0564684 
    521.0000000      0.7156094      0.2278112      0.0565794 
    522.0000000      0.7151841      0.2281257      0.0566903 
    523.0000000      0.7147783      0.2284208      0.0568009 
    524.0000000      0.7143925      0.2286962      0.0569114 
    525.0000000      0.7140269      0.2289514      0.0570216 
    526.0000000      0.7136820      0.2291863      0.0571316 
    527.0000000      0.7133580      0.2294006      0.0572414 
    528.0000000      0.7130551      0.2295940      0.0573509 
    529.0000000      0.7127736      0.2297663      0.0574601 
    530.0000000      0.7125135      0.2299175      0.0575690 
    531.0000000      0.7122750      0.2300474      0.0576776 
    532.0000000      0.7120582      0.2301559      0.0577859 
    533.0000000      0.7118631      0.2302430      0.0578939 
    534.0000000      0.7116897      0.2303088      0.0580015 
    535.0000000      0.7115381      0.2303532      0.0581088 
    536.0000000      0.7114080      0.2303763      0.0582157 
    537.0000000      0.7112995      0.2303782      0.0583223 
    538.0000000      0.7112124      0.2303591      0.0584285 
    539.0000000      0.7111466      0.2303192      0.0585343 
    540.0000000      0.7111017      0.2302586      0.0586397 
    541.0000000      0.7110777      0.2301776      0.0587447 
    542.0000000      0.7110742      0.2300765      0.0588493 
    543.0000000      0.7110909      0.2299556      0.0589536 
    544.0000000      0.7111275      0.2298151      0.0590574 
    545.0000000      0.7111837      0.2296555      0.0591608 
    546.0000000      0.7112590      0.2294772      0.0592638 
    547.0000000      0.7113530      0.2292806      0.0593664 
    548.0000000      0.7114654      0.2290660      0.0594686 
    549.0000000      0.7115956      0.2288340      0.0595703 
    550.0000000      0.7117432      0.2285851      0.0596717 
    551.0000000      0.7119077      0.2283197      0.0597727 
    552.0000000      0.7120884      0.2280384      0.0598732 
    553.0000000      0.7122849      0.2277417      0.0599733 
    554.0000000      0.7124967      0.2274303      0.0600731 
    555.0000000      0.7127230      0.2271046      0.0601724 
    556.0000000      0.7129633      0.2267653      0.0602714 
    557.0000000      0.7132170      0.2264131      0.0603699 
    558.0000000      0.7134835      0.2260484      0.0604681 
    559.0000000      0.7137621      0.2256721      0.0605659 
    560.0000000      0.7140521      0.2252846      0.0606633 
    561.0000000      0.7143529      0.2248868      0.0607603 
    562.0000000      0.7146637      0.2244792      0.0608570 
    563.0000000      0.7149840      0.2240626      0.0609534 
    564.0000000      0.7153129      0.2236377      0.0610494 
    565.0000000      0.7156499      0.2232050      0.0611451 
    566.0000000      0.7159942      0.2227654      0.0612404 
    567.0000000      0.7163450      0.2223195      0.0613355 
    568.0000000      0.7167017      0.2218681      0.0614302 
    569.0000000      0.7170636      0.2214117      0.0615247 
    570.0000000      0.7174299      0.2209512      0.0616188 
    571.0000000      0.7178000      0.2204873      0.0617127 
    572.0000000      0.7181731      0.2200205      0.0618063 
    573.0000000      0.7185486      0.2195517      0.0618997 
    574.0000000      0.7189256      0.2190815      0.0619929 
    575.0000000      0.7193037      0.2186105      0.0620858 
    576.0000000      0.7196819      0.2181396      0.0621785 
    577.0000000      0.7200598      0.2176692      0.0622710 
    578.0000000      0.7204365      0.2172001      0.0623633 
    579.0000000      0.7208116      0.2167330      0.0624555 
    580.0000000      0.7211842      0.2162684      0.0625474 
    581.0000000      0.7215538      0.2158070      0.0626392 
    582.0000000      0.7219197      0.2153493      0.0627309 
    583.0000000      0.7222814      0.2148961      0.0628225 
    584.0000000      0.7226383      0.2144478      0.0629139 
    585.0000000      0.7229897      0.2140051      0.0630053 
    586.0000000      0.7233351      0.2135684      0.0630965 
    587.0000000      0.7236740      0.2131383      0.0631877 
    588.0000000      0.7240059      0.2127154      0.0632788 
    589.0000000      0.7243301      0.2123000      0.0633698 
    590.0000000      0.7246464      0.2118928      0.0634608 
    591.0000000      0.7249541      0.2114941      0.0635518 
    592.0000000      0.7252528      0.2111044      0.0636428 
    593.0000000      0.7255421      0.2107241      0.0637338 
    594.0000000      0.7258216      0.2103537      0.0638247 
    595.0000000      0.7260909      0.2099934      0.0639157 
    596.0000000      0.7263496      0.2096436      0.0640067 
    597.0000000      0.7265974      0.2093048      0.0640978 
    598.0000000      0.7268340      0.2089771      0.0641889 
    599.0000000      0.7270591      0.2086608      0.0642801 
    600.0000000      0.7272723      0.2083564      0.0643713 
    601.0000000      0.7274735      0.2080639      0.0644626 
    602.0000000      0.7276624      0.2077836      0.0645541 
    603.0000000      0.7278387      0.2075157      0.0646456 
    604.0000000      0.7280024      0.2072604      0.0647372 
    605.0000000      0.7281533      0.2070178      0.0648289 
    606.0000000      0.7282911      0.2067881      0.0649208 
    607.0000000      0.7284159      0.2065713      0.0650128 
    608.0000000      0.7285274      0.2063677      0.0651049 
    609.0000000      0.7286257      0.2061771      0.0651972 
    610.0000000      0.7287107      0.2059997      0.0652896 
    611.0000000      0.7287824      0.2058354      0.0653822 
    612.0000000      0.7288407      0.2056843      0.0654750 
    613.0000000      0.7288856      0.2055464      0.0655679 
    614.0000000      0.7289174      0.2054216      0.0656610 
    615.0000000      0.7289358      0.2053098      0.0657543 
    616.0000000      0.7289412      0.2052110      0.0658478 
    617.0000000      0.7289335      0.2051250      0.0659415 
    618.0000000      0.7289130      0.2050517      0.0660354 
    619.0000000      0.7288796      0.2049909      0.0661294 
    620.0000000      0.7288337      0.2049426      0.0662237 
    621.0000000      0.7287753      0.2049065      0.0663182 
    622.0000000      0.7287047      0.2048824      0.0664129 
    623.0000000      0.7286221      0.2048702      0.0665077 
    624.0000000      0.7285277      0.2048695      0.0666028 
    625.0000000      0.7284218      0.2048801      0.0666981 
    626.0000000      0.7283046      0.2049017      0.0667937 
    627.0000000      0.7281765      0.2049342      0.0668894 
    628.0000000      0.7280376      0.2049771      0.0669853 
    629.0000000      0.7278884      0.2050302      0.0670815 
    630.0000000      0.7277291      0.2050931      0.0671778 
    631.0000000      0.7275600      0.2051656      0.0672744 
    632.0000000      0.7273816      0.2052473      0.0673711 
    633.0000000      0.7271941      0.2053378      0.0674681 
    634.0000000      0.7269980      0.2054367      0.0675653 
    635.0000000      0.7267936      0.2055438      0.0676626 
    636.0000000      0.7265812      0.2056586      0.0677602 
    637.0000000      0.7263613      0.2057807      0.0678579 
    638.0000000      0.7261344      0.2059098      0.0679559 
    639.0000000      0.7259006      0.2060453      0.0680540 
    640.0000000      0.7256606      0.2061871      0.0681523 
    641.0000000      0.7254147      0.2063345      0.0682508 
    642.0000000      0.7251633      0.2064872      0.0683495 
    643.0000000      0.7249068      0.2066449      0.0684483 
    644.0000000      0.7246457      0.2068070      0.0685473 
